[1, 0, 1, 1, 1, 0, 0, 0, 1, 1, 0, 1, 0, 0, 0, 1, 0, 0, 0, 0, 1, 1, 0, 0, 1, 0, 0, 0, 0, 0, 0, 0, 0, 1, 0, 0, 1, 1, 0, 1, 0, 1, 1, 1, 1, 1, 0]

69     1
206    0
180    1
9      1

127    1
109    0
196    0
93     0

213    1
15     1
224    0
55     1

227    0
30     0
201    0
147    1

19     0
112    0
225    0
24     0

208    1
10     1
95     0
144    0


1000 0000 0100 1101 0111 110

220    1
25     0
86     0
183    0

84     0
18     0
146    0
66     0

45     0
139    1
125    0
170    0

164    1
16     1
156    0
177    1

161    0
203    1
124    1
60     1

199    1
229    1
82     0
